{
 "cells": [
  {
   "cell_type": "markdown",
   "metadata": {},
   "source": [
    "## Load packages"
   ]
  },
  {
   "cell_type": "code",
   "execution_count": 1,
   "metadata": {},
   "outputs": [
    {
     "name": "stderr",
     "output_type": "stream",
     "text": [
      "Using TensorFlow backend.\n"
     ]
    }
   ],
   "source": [
    "import numpy as np\n",
    "import pandas as pd\n",
    "import math\n",
    "from keras import optimizers\n",
    "from keras import layers\n",
    "from keras.layers import Input, Dense, Activation, ZeroPadding1D, BatchNormalization, Flatten, Conv1D\n",
    "from keras.layers import AveragePooling1D, MaxPooling1D, Dropout, GlobalMaxPooling2D, GlobalAveragePooling2D\n",
    "from keras.models import Model\n",
    "from keras.preprocessing import image\n",
    "from keras.utils import layer_utils\n",
    "from keras.utils.data_utils import get_file\n",
    "from keras.applications.imagenet_utils import preprocess_input\n",
    "import pydot\n",
    "from IPython.display import SVG\n",
    "from keras.utils.vis_utils import model_to_dot\n",
    "from keras.utils import plot_model\n",
    "# from kt_utils import *\n",
    "import keras.backend as K\n",
    "from matplotlib import pyplot\n",
    "import tensorflow as tf\n",
    "from sklearn.metrics import confusion_matrix\n",
    "from numpy.random import seed\n",
    "seed(111)"
   ]
  },
  {
   "cell_type": "markdown",
   "metadata": {},
   "source": [
    "## Load dataset"
   ]
  },
  {
   "cell_type": "code",
   "execution_count": 2,
   "metadata": {},
   "outputs": [],
   "source": [
    "# import Matt's 'chr1_ukb_X.npz' file\n",
    "chr1_ukb_X = np.load('/home/magu/deepmix/data/ALL_DNA_dataset/chr1_1kg_X.npz')\n",
    "# create dict mapping from sampleid to population name\n",
    "sampleid_to_population_pandas_df = pd.read_csv('/home/jsokol/Data/igsr_samples_cleaned_version.tsv', delimiter=\"\\t\")\n",
    "sampleid_to_population_dict = sampleid_to_population_pandas_df.set_index('Sample name')['Population code'].to_dict()\n",
    "# remove samples from chr1_ukb_X that are not in dict or that do not contain value\n",
    "temp = set()\n",
    "for x in np.nditer(chr1_ukb_X['S']):\n",
    "    sample_id = str((x.item(0))).replace(\"'\", \"\").replace(\"b\", \"\").split(\"_\")[0]\n",
    "    if sample_id not in sampleid_to_population_dict:\n",
    "        print(sample_id + ' is not in dict. Make sure to remove this sample from the dataset.')\n",
    "    elif sampleid_to_population_dict[sample_id] == float('nan'):\n",
    "        print(sample_id + ' maps to nan in dict')\n",
    "chr1_ukb_X_G = chr1_ukb_X['G'][:,:,:]\n",
    "chr1_ukb_X_V = chr1_ukb_X['V'][:,:]"
   ]
  },
  {
   "cell_type": "code",
   "execution_count": 3,
   "metadata": {},
   "outputs": [],
   "source": [
    "# flatten input data\n",
    "X_all_data = chr1_ukb_X_G.reshape(chr1_ukb_X_G.shape[0], -1).T"
   ]
  },
  {
   "cell_type": "code",
   "execution_count": 4,
   "metadata": {},
   "outputs": [
    {
     "name": "stdout",
     "output_type": "stream",
     "text": [
      "Total number of classes minus classes deleted because they are admixed = 26\n",
      "{'ESN', 'IBS', 'BEB', 'TSI', 'ASW', 'CHB', 'PJL', 'CHS', 'KHV', 'MXL', 'GBR', 'MSL', 'JPT', 'GIH', 'ACB', 'FIN', 'LWK', 'STU', 'PEL', 'YRI', 'CDX', 'CLM', 'ITU', 'PUR', 'GWD', 'CEU'}\n"
     ]
    }
   ],
   "source": [
    "# create set of all populations represented in dataset\n",
    "populations_represented_set = set()\n",
    "for i in range(5008):\n",
    "    sample_id = str(chr1_ukb_X['S'][i].item(0)).replace(\"'\", \"\").replace(\"b\", \"\").split(\"_\")[0]\n",
    "    populations_represented_set.add(sampleid_to_population_dict[sample_id])\n",
    "# print total number of populations represented by dataset\n",
    "n_classes = len(populations_represented_set)\n",
    "print('Total number of classes minus classes deleted because they are admixed = ' + str(n_classes))\n",
    "print(populations_represented_set)"
   ]
  },
  {
   "cell_type": "code",
   "execution_count": 5,
   "metadata": {},
   "outputs": [],
   "source": [
    "# one hot encode labels and delete unwanted classes\n",
    "Y_all_data = np.zeros((n_classes, 5008))\n",
    "indices_to_delete = list()\n",
    "for i in range(5008):\n",
    "    sample_id = str(chr1_ukb_X['S'][i].item(0)).replace(\"'\", \"\").replace(\"b\", \"\").split(\"_\")[0]\n",
    "    if sampleid_to_population_dict[sample_id] == 'CDX':\n",
    "        Y_all_data[0,i] = 1\n",
    "    elif sampleid_to_population_dict[sample_id] == 'KHV':\n",
    "        Y_all_data[1,i] = 1\n",
    "    elif sampleid_to_population_dict[sample_id] == 'CHS':\n",
    "        Y_all_data[2,i] = 1\n",
    "    elif sampleid_to_population_dict[sample_id] == 'CHB':\n",
    "        Y_all_data[3,i] = 1\n",
    "    elif sampleid_to_population_dict[sample_id] == 'JPT':\n",
    "        Y_all_data[4,i] = 1\n",
    "    elif sampleid_to_population_dict[sample_id] == 'PEL':\n",
    "        Y_all_data[5,i] = 1\n",
    "    elif sampleid_to_population_dict[sample_id] == 'MXL':\n",
    "        Y_all_data[6,i] = 1\n",
    "    elif sampleid_to_population_dict[sample_id] == 'CLM':\n",
    "        Y_all_data[7,i] = 1\n",
    "    elif sampleid_to_population_dict[sample_id] == 'PUR':\n",
    "        Y_all_data[8,i] = 1\n",
    "    elif sampleid_to_population_dict[sample_id] == 'IBS':\n",
    "        Y_all_data[9,i] = 1\n",
    "    elif sampleid_to_population_dict[sample_id] == 'TSI':\n",
    "        Y_all_data[10,i] = 1\n",
    "    elif sampleid_to_population_dict[sample_id] == 'CEU':\n",
    "        Y_all_data[11,i] = 1\n",
    "    elif sampleid_to_population_dict[sample_id] == 'GBR':\n",
    "        Y_all_data[12,i] = 1\n",
    "    elif sampleid_to_population_dict[sample_id] == 'FIN':\n",
    "        Y_all_data[13,i] = 1\n",
    "    elif sampleid_to_population_dict[sample_id] == 'GIH':\n",
    "        Y_all_data[14,i] = 1\n",
    "    elif sampleid_to_population_dict[sample_id] == 'PJL':\n",
    "        Y_all_data[15,i] = 1\n",
    "    elif sampleid_to_population_dict[sample_id] == 'ITU':\n",
    "        Y_all_data[16,i] = 1\n",
    "    elif sampleid_to_population_dict[sample_id] == 'STU':\n",
    "        Y_all_data[17,i] = 1\n",
    "    elif sampleid_to_population_dict[sample_id] == 'BEB':\n",
    "        Y_all_data[18,i] = 1\n",
    "    elif sampleid_to_population_dict[sample_id] == 'ACB':\n",
    "        Y_all_data[19,i] = 1\n",
    "    elif sampleid_to_population_dict[sample_id] == 'ASW':\n",
    "        Y_all_data[20,i] = 1\n",
    "    elif sampleid_to_population_dict[sample_id] == 'LWK':\n",
    "        Y_all_data[21,i] = 1\n",
    "    elif sampleid_to_population_dict[sample_id] == 'ESN':\n",
    "        Y_all_data[22,i] = 1\n",
    "    elif sampleid_to_population_dict[sample_id] == 'YRI':\n",
    "        Y_all_data[23,i] = 1\n",
    "    elif sampleid_to_population_dict[sample_id] == 'MSL':\n",
    "        Y_all_data[24,i] = 1\n",
    "    elif sampleid_to_population_dict[sample_id] == 'GWD':\n",
    "        Y_all_data[25,i] = 1\n",
    "# delete samples with unwanted classes using 'indices_to_delete'\n",
    "X_all_data = np.delete(X_all_data, indices_to_delete, 1)\n",
    "Y_all_data = np.delete(Y_all_data, indices_to_delete, 1)"
   ]
  },
  {
   "cell_type": "code",
   "execution_count": 6,
   "metadata": {},
   "outputs": [],
   "source": [
    "# randomly shuffle the order of the data\n",
    "randomize = np.arange(X_all_data.shape[1])\n",
    "np.random.shuffle(randomize)\n",
    "X_all_data = X_all_data[:,randomize]\n",
    "Y_all_data = Y_all_data[:,randomize]"
   ]
  },
  {
   "cell_type": "code",
   "execution_count": 7,
   "metadata": {},
   "outputs": [],
   "source": [
    "# split data into training and test sets\n",
    "X_train = X_all_data[:,:int(X_all_data.shape[1]*0.8)]\n",
    "X_test = X_all_data[:,int(X_all_data.shape[1]*0.8):]\n",
    "Y_train = Y_all_data[:,:int(X_all_data.shape[1]*0.8)]\n",
    "Y_test = Y_all_data[:,int(X_all_data.shape[1]*0.8):]\n",
    "# convert to correct format for use in keras\n",
    "X_train = X_train[:,:,np.newaxis]\n",
    "X_train = np.transpose(X_train, (1, 0, 2))\n",
    "X_test = X_test[:,:,np.newaxis]\n",
    "X_test = np.transpose(X_test, (1, 0, 2))\n",
    "Y_train = np.transpose(Y_train, (1, 0))\n",
    "Y_test = np.transpose(Y_test, (1, 0))"
   ]
  },
  {
   "cell_type": "markdown",
   "metadata": {},
   "source": [
    "## Build model"
   ]
  },
  {
   "cell_type": "code",
   "execution_count": 8,
   "metadata": {},
   "outputs": [],
   "source": [
    "def model2(n_snps_per_sample):\n",
    "    \"\"\"\n",
    "    input_shape: The height, width and channels as a tuple.  \n",
    "        Note that this does not include the 'batch' as a dimension.\n",
    "        If you have a batch like 'X_train', \n",
    "        then you can provide the input_shape using\n",
    "        X_train.shape[1:]\n",
    "    \"\"\"\n",
    "    \n",
    "    # Define the input placeholder as a tensor with shape input_shape. Think of this as your input image!\n",
    "    X_input = Input(shape=(n_snps_per_sample, 1))\n",
    "\n",
    "    # First convolutional block\n",
    "    X = Conv1D(filters=49, kernel_size=500 ,strides=500, padding = 'valid', name = 'conv0')(X_input)\n",
    "    X = BatchNormalization(axis = -1, name = 'bn0')(X)\n",
    "    X = Activation('relu')(X)\n",
    "\n",
    "    # Second convolutional block\n",
    "    X = Conv1D(49, 75, strides = 5, padding = 'same', name = 'conv1')(X)\n",
    "    X = BatchNormalization(axis = -1, name = 'bn1')(X)\n",
    "    X = Activation('relu')(X)\n",
    "    \n",
    "    # MAXPOOL\n",
    "    X = MaxPooling1D(2, name='max_pool')(X)\n",
    "\n",
    "    # FLATTEN X (means convert it to a vector) + FULLYCONNECTED\n",
    "    X = Flatten()(X)\n",
    "    X = Dense(n_classes, activation='softmax', name='fc')(X)\n",
    "\n",
    "    # Create model. This creates your Keras model instance, you'll use this instance to train/test the model.\n",
    "    model = Model(inputs = X_input, outputs = X, name='model2')\n",
    "    \n",
    "    return model"
   ]
  },
  {
   "cell_type": "markdown",
   "metadata": {},
   "source": [
    "## Create and compile the model "
   ]
  },
  {
   "cell_type": "code",
   "execution_count": 9,
   "metadata": {},
   "outputs": [
    {
     "name": "stdout",
     "output_type": "stream",
     "text": [
      "min value in confusion matrix = 0.4664595047896507, max value in confusion matrix = 23.80788590396041\n"
     ]
    }
   ],
   "source": [
    "## CREATE CONFUSION MATRIX MANUALLY\n",
    "# 0) settings\n",
    "confusion_matrix_spread = 0.86 # must be between 0 and 1\n",
    "reverse_weights = False\n",
    "# 1) create confusion matrix from 1000 genomes supplementary info handbook's info on relatedness\n",
    "confusion_matrix = np.array([[0.0001,0.0019,0.0049,0.0086,0.0169,0.0864,0.0708,0.0766,0.0826,0.105,0.1051,0.106,0.1062,0.0991,0.073,0.0705,0.0685,0.0671,0.056,0.1405,0.1254,0.1524,0.1631,0.1613,0.1636,0.1581],[0.0019,0.0001,0.0033,0.0062,0.014,0.0823,0.0665,0.0726,0.0788,0.1008,0.1009,0.1016,0.1018,0.095,0.0687,0.0664,0.0643,0.0629,0.0521,0.1379,0.1224,0.1499,0.1608,0.1589,0.1611,0.1557],[0.0049,0.0033,0.0001,0.0011,0.0088,0.082,0.0677,0.0749,0.0816,0.1042,0.1043,0.105,0.1053,0.0977,0.0726,0.0702,0.0682,0.0669,0.0558,0.1418,0.1263,0.1538,0.1647,0.1627,0.1651,0.1595],[0.0086,0.0062,0.0011,0.0001,0.0069,0.0795,0.0652,0.0727,0.0796,0.1022,0.1023,0.1029,0.1032,0.0956,0.0712,0.0687,0.067,0.0657,0.0547,0.1405,0.1248,0.1525,0.1634,0.1614,0.1638,0.1582],[0.0169,0.014,0.0088,0.0069,0.0001,0.0798,0.0659,0.0738,0.0809,0.1039,0.1041,0.1046,0.1049,0.0971,0.0724,0.0701,0.0683,0.0668,0.0564,0.1419,0.1262,0.1538,0.1648,0.1628,0.1652,0.1595],[0.0864,0.0823,0.082,0.0795,0.0798,0.0001,0.0174,0.0391,0.0564,0.0856,0.0856,0.0844,0.0848,0.0806,0.074,0.0705,0.0742,0.0739,0.068,0.1377,0.119,0.1512,0.1619,0.1599,0.162,0.1517],[0.0708,0.0665,0.0677,0.0652,0.0659,0.0174,0.0001,0.0093,0.0189,0.0359,0.0367,0.0358,0.036,0.0356,0.038,0.0337,0.0398,0.0398,0.0353,0.1033,0.0829,0.1178,0.1289,0.1272,0.1282,0.1238],[0.0766,0.0726,0.0749,0.0727,0.0738,0.0391,0.0093,0.0001,0.0056,0.014,0.0152,0.0152,0.0154,0.0184,0.0281,0.0234,0.0311,0.0312,0.0284,0.0879,0.0677,0.103,0.114,0.1125,0.1135,0.1091],[0.0826,0.0788,0.0816,0.0796,0.0809,0.0564,0.0189,0.0056,0.0001,0.0087,0.0097,0.0108,0.0109,0.0155,0.0275,0.0226,0.0309,0.0311,0.0292,0.0756,0.0566,0.0905,0.101,0.0995,0.1004,0.0962],[0.105,0.1008,0.1042,0.1022,0.1039,0.0856,0.0359,0.014,0.0087,0.0001,0.0016,0.0024,0.0024,0.0103,0.0343,0.0286,0.0395,0.0401,0.0393,0.1065,0.0861,0.1232,0.1354,0.1336,0.1352,0.1295],[0.1051,0.1009,0.1043,0.1023,0.1041,0.0865,0.0367,0.0152,0.0097,0.0016,0.0001,0.0036,0.0038,0.0118,0.0329,0.0273,0.0381,0.0388,0.0382,0.1078,0.0875,0.1244,0.1367,0.1349,0.1365,0.1308],[0.106,0.1016,0.105,0.1029,0.1046,0.0844,0.0358,0.0152,0.0108,0.0024,0.0036,0.0001,0.0003,0.0064,0.0338,0.0281,0.0396,0.0401,0.039,0.1107,0.0899,0.1278,0.14,0.1383,0.1398,0.1342],[0.1062,0.1018,0.1053,0.1032,0.1049,0.0848,0.036,0.0154,0.0109,0.0024,0.0038,0.0003,0.0001,0.0068,0.0341,0.0284,0.0399,0.0405,0.0393,0.1106,0.0899,0.1276,0.1398,0.1381,0.1396,0.1341],[0.0991,0.095,0.0977,0.0956,0.0971,0.0806,0.0356,0.0184,0.0155,0.0103,0.0118,0.0064,0.0068,0.0001,0.035,0.0296,0.0402,0.0406,0.0386,0.1135,0.0928,0.1304,0.1425,0.1407,0.1423,0.1368],[0.073,0.0687,0.0726,0.0712,0.0724,0.074,0.038,0.0281,0.0275,0.0343,0.0329,0.0338,0.0341,0.035,0.0001,0.0037,0.0039,0.0044,0.0045,0.1028,0.0841,0.1169,0.1287,0.1271,0.1286,0.1236],[0.0705,0.0664,0.0702,0.0687,0.0701,0.0705,0.0337,0.0234,0.0226,0.0286,0.0273,0.0281,0.0284,0.0296,0.0037,0.0001,0.0033,0.0037,0.0038,0.0991,0.0802,0.1135,0.1251,0.1237,0.1249,0.1201],[0.0685,0.0643,0.0682,0.067,0.0683,0.0742,0.0398,0.0311,0.0309,0.0395,0.0381,0.0396,0.0399,0.0402,0.0039,0.0033,0.0001,0.0012,0.0024,0.1021,0.0839,0.1158,0.1274,0.1259,0.1272,0.1224],[0.0671,0.0629,0.0669,0.0657,0.0668,0.0739,0.0398,0.0312,0.0311,0.0401,0.0388,0.0401,0.0405,0.0406,0.0044,0.0037,0.0012,0.0001,0.0022,0.1016,0.0835,0.1152,0.1268,0.1252,0.1265,0.1217],[0.056,0.0521,0.0558,0.0547,0.0564,0.068,0.0353,0.0284,0.0292,0.0393,0.0382,0.039,0.0393,0.0386,0.0045,0.0038,0.0024,0.0022,0.0001,0.1001,0.0819,0.1138,0.1252,0.1237,0.1249,0.1204],[0.1405,0.1379,0.1418,0.1405,0.1419,0.1377,0.1033,0.0879,0.0756,0.1065,0.1078,0.1107,0.1106,0.1135,0.1028,0.0991,0.1021,0.1016,0.1001,0.0001,0.0026,0.0065,0.0036,0.0027,0.0046,0.0061],[0.1254,0.1224,0.1263,0.1248,0.1262,0.119,0.0829,0.0677,0.0566,0.0861,0.0875,0.0899,0.0899,0.0928,0.0841,0.0802,0.0839,0.0835,0.0819,0.0026,0.0001,0.0097,0.0098,0.0089,0.0103,0.0107],[0.1524,0.1499,0.1538,0.1525,0.1538,0.1512,0.1178,0.103,0.0905,0.1232,0.1244,0.1278,0.1276,0.1304,0.1169,0.1135,0.1158,0.1152,0.1138,0.0065,0.0097,0.0001,0.008,0.0073,0.0096,0.0109],[0.1631,0.1608,0.1647,0.1634,0.1648,0.1619,0.1289,0.114,0.101,0.1354,0.1367,0.14,0.1398,0.1425,0.1287,0.1251,0.1274,0.1268,0.1252,0.0036,0.0098,0.008,0.0001,0.0009,0.0053,0.0075],[0.1613,0.1589,0.1627,0.1614,0.1628,0.1599,0.1272,0.1125,0.0995,0.1336,0.1349,0.1383,0.1381,0.1407,0.1271,0.1237,0.1259,0.1252,0.1237,0.0027,0.0089,0.0073,0.0009,0.0001,0.004,0.0062],[0.1636,0.1611,0.1651,0.1638,0.1652,0.162,0.1282,0.1135,0.1004,0.1352,0.1365,0.1398,0.1396,0.1423,0.1286,0.1249,0.1272,0.1265,0.1249,0.0046,0.0103,0.0096,0.0053,0.004,0.0001,0.0037],[0.1581,0.1557,0.1595,0.1582,0.1595,0.1567,0.1238,0.1091,0.0962,0.1295,0.1308,0.1342,0.1341,0.1368,0.1236,0.1202,0.1224,0.1217,0.1204,0.0061,0.0107,0.0109,0.0075,0.0062,0.0037,0.0001]])\n",
    "# 2) set values along axis to mean values\n",
    "mean = np.mean(confusion_matrix)\n",
    "std = np.std(confusion_matrix)\n",
    "for i in range(confusion_matrix.shape[0]):\n",
    "    confusion_matrix[i,i] = mean\n",
    "# 3) normalize confusion matrix\n",
    "confusion_matrix = (+confusion_matrix-mean)/(std**confusion_matrix_spread) + 1\n",
    "# 4) take reciprocal since more related populations should have relatively larger coefficients\n",
    "confusion_matrix = 1/confusion_matrix\n",
    "# 5) make sure that the minimum value is 1\n",
    "# confusion_matrix = confusion_matrix + (1 - np.min(confusion_matrix))\n",
    "# 6) reverse weights \n",
    "if reverse_weights == True:\n",
    "    confusion_matrix = -(confusion_matrix - 1) + 1\n",
    "# 7) convert to tensor\n",
    "print('min value in confusion matrix = ' + str(np.min(confusion_matrix)) + ', max value in confusion matrix = ' + str(np.max(confusion_matrix)))\n",
    "confusion_matrix = K.constant(confusion_matrix)"
   ]
  },
  {
   "cell_type": "code",
   "execution_count": 10,
   "metadata": {},
   "outputs": [],
   "source": [
    "# define custom loss function \n",
    "def loss_fn(y, yhat): # make sure to use keras.backend (imported as K) and not numpy for all functions (i.e. the log function)\n",
    "    # get predictions and stack these so we have a tensor of [[predicted_i, actual_i], ...,] for each i in batch\n",
    "    beta = 1e10\n",
    "    x_range = tf.range(n_classes, dtype=y.dtype)\n",
    "    y_idx = tf.reduce_sum(tf.nn.softmax(y*beta)*x_range, axis=-1)\n",
    "    y_idx = K.cast(y_idx, dtype='int32')\n",
    "    x_range = tf.range(n_classes, dtype=yhat.dtype)\n",
    "    yhat_idx = tf.reduce_sum(tf.nn.softmax(yhat*beta)*x_range, axis=-1)\n",
    "    yhat_idx = K.cast(yhat_idx, dtype='int32')\n",
    "    indices = K.stack([yhat_idx, y_idx], axis=-1)\n",
    "    # use tf.gather_nd() to convert indices to the appropriate weight from our matrix [w_i, ...] for each i in batch\n",
    "    loss_coefficients_vector = tf.gather_nd(confusion_matrix, indices)  \n",
    "    \n",
    "    # print intermediate variables for debugging\n",
    "  #  print_op = tf.print(loss_coefficients_vector, y, yhat, loss_coefficients_vector*K.categorical_crossentropy(y, yhat), sep=',', summarize = -1)\n",
    "    \n",
    "    # return the sum of the penalties\n",
    "#    with tf.control_dependencies([print_op]):\n",
    "#        return loss_coefficients_vector*K.categorical_crossentropy(y, yhat)\n",
    "    return loss_coefficients_vector*K.categorical_crossentropy(y, yhat)\n",
    "\n"
   ]
  },
  {
   "cell_type": "code",
   "execution_count": 11,
   "metadata": {},
   "outputs": [
    {
     "name": "stdout",
     "output_type": "stream",
     "text": [
      "Model: \"model2\"\n",
      "_________________________________________________________________\n",
      "Layer (type)                 Output Shape              Param #   \n",
      "=================================================================\n",
      "input_1 (InputLayer)         (None, 231504, 1)         0         \n",
      "_________________________________________________________________\n",
      "conv0 (Conv1D)               (None, 463, 49)           24549     \n",
      "_________________________________________________________________\n",
      "bn0 (BatchNormalization)     (None, 463, 49)           196       \n",
      "_________________________________________________________________\n",
      "activation_1 (Activation)    (None, 463, 49)           0         \n",
      "_________________________________________________________________\n",
      "conv1 (Conv1D)               (None, 93, 49)            180124    \n",
      "_________________________________________________________________\n",
      "bn1 (BatchNormalization)     (None, 93, 49)            196       \n",
      "_________________________________________________________________\n",
      "activation_2 (Activation)    (None, 93, 49)            0         \n",
      "_________________________________________________________________\n",
      "max_pool (MaxPooling1D)      (None, 46, 49)            0         \n",
      "_________________________________________________________________\n",
      "flatten_1 (Flatten)          (None, 2254)              0         \n",
      "_________________________________________________________________\n",
      "fc (Dense)                   (None, 26)                58630     \n",
      "=================================================================\n",
      "Total params: 263,695\n",
      "Trainable params: 263,499\n",
      "Non-trainable params: 196\n",
      "_________________________________________________________________\n",
      "Learning rate = 8e-05\n"
     ]
    }
   ],
   "source": [
    "# create model\n",
    "model2 = model2(X_train.shape[1])\n",
    "# compile model\n",
    "adam_optimizer_fn = optimizers.Adam(lr=0.00008)\n",
    "model2.compile(optimizer=adam_optimizer_fn, loss=loss_fn, metrics=['accuracy']) \n",
    "# summarize model\n",
    "model2.summary()\n",
    "print('Learning rate = ' + str(K.eval(model2.optimizer.lr)))"
   ]
  },
  {
   "cell_type": "markdown",
   "metadata": {},
   "source": [
    "## Train model"
   ]
  },
  {
   "cell_type": "code",
   "execution_count": 12,
   "metadata": {},
   "outputs": [
    {
     "name": "stdout",
     "output_type": "stream",
     "text": [
      "Train on 4006 samples, validate on 1002 samples\n",
      "Epoch 1/300\n",
      "4006/4006 [==============================] - 12s 3ms/step - loss: 13.0997 - accuracy: 0.0991 - val_loss: 10.5004 - val_accuracy: 0.0429\n",
      "Epoch 2/300\n",
      "4006/4006 [==============================] - 11s 3ms/step - loss: 14.1750 - accuracy: 0.3590 - val_loss: 12.6599 - val_accuracy: 0.0888\n",
      "Epoch 3/300\n",
      "4006/4006 [==============================] - 11s 3ms/step - loss: 7.6537 - accuracy: 0.6176 - val_loss: 17.7843 - val_accuracy: 0.1986\n",
      "Epoch 4/300\n",
      "4006/4006 [==============================] - 11s 3ms/step - loss: 4.1008 - accuracy: 0.7816 - val_loss: 17.2392 - val_accuracy: 0.3134\n",
      "Epoch 5/300\n",
      "4006/4006 [==============================] - 11s 3ms/step - loss: 2.4871 - accuracy: 0.8794 - val_loss: 15.8310 - val_accuracy: 0.3413\n",
      "Epoch 6/300\n",
      "4006/4006 [==============================] - 11s 3ms/step - loss: 1.5098 - accuracy: 0.9383 - val_loss: 15.5648 - val_accuracy: 0.3553\n",
      "Epoch 7/300\n",
      "4006/4006 [==============================] - 11s 3ms/step - loss: 1.0606 - accuracy: 0.9708 - val_loss: 15.3815 - val_accuracy: 0.3723\n",
      "Epoch 8/300\n",
      "4006/4006 [==============================] - 10s 3ms/step - loss: 0.8488 - accuracy: 0.9858 - val_loss: 15.3542 - val_accuracy: 0.3723\n",
      "Epoch 9/300\n",
      "4006/4006 [==============================] - 11s 3ms/step - loss: 0.7666 - accuracy: 0.9908 - val_loss: 15.2973 - val_accuracy: 0.3872\n",
      "Epoch 10/300\n",
      "4006/4006 [==============================] - 11s 3ms/step - loss: 0.6961 - accuracy: 0.9940 - val_loss: 14.9452 - val_accuracy: 0.3982\n",
      "Epoch 11/300\n",
      "4006/4006 [==============================] - 11s 3ms/step - loss: 0.6349 - accuracy: 0.9953 - val_loss: 14.9448 - val_accuracy: 0.4092\n",
      "Epoch 12/300\n",
      "4006/4006 [==============================] - 11s 3ms/step - loss: 0.5735 - accuracy: 0.9973 - val_loss: 14.6823 - val_accuracy: 0.4112\n",
      "Epoch 13/300\n",
      "4006/4006 [==============================] - 11s 3ms/step - loss: 0.5304 - accuracy: 0.9973 - val_loss: 14.7785 - val_accuracy: 0.4062\n",
      "Epoch 14/300\n",
      "4006/4006 [==============================] - 10s 3ms/step - loss: 0.4877 - accuracy: 0.9980 - val_loss: 14.4362 - val_accuracy: 0.4301\n",
      "Epoch 15/300\n",
      "4006/4006 [==============================] - 11s 3ms/step - loss: 0.4465 - accuracy: 0.9983 - val_loss: 14.4523 - val_accuracy: 0.4212\n",
      "Epoch 16/300\n",
      "4006/4006 [==============================] - 12s 3ms/step - loss: 0.4102 - accuracy: 0.9988 - val_loss: 14.3443 - val_accuracy: 0.4341\n",
      "Epoch 17/300\n",
      "4006/4006 [==============================] - 11s 3ms/step - loss: 0.3771 - accuracy: 0.9988 - val_loss: 14.2727 - val_accuracy: 0.4351\n",
      "Epoch 18/300\n",
      "4006/4006 [==============================] - 11s 3ms/step - loss: 0.3432 - accuracy: 0.9988 - val_loss: 14.0767 - val_accuracy: 0.4331\n",
      "Epoch 19/300\n",
      "4006/4006 [==============================] - 11s 3ms/step - loss: 0.3129 - accuracy: 0.9990 - val_loss: 13.7487 - val_accuracy: 0.4541\n",
      "Epoch 20/300\n",
      "4006/4006 [==============================] - 11s 3ms/step - loss: 0.2840 - accuracy: 0.9990 - val_loss: 13.5445 - val_accuracy: 0.4561\n",
      "Epoch 21/300\n",
      "4006/4006 [==============================] - 11s 3ms/step - loss: 0.2598 - accuracy: 0.9990 - val_loss: 13.7107 - val_accuracy: 0.4551\n",
      "Epoch 22/300\n",
      "4006/4006 [==============================] - 11s 3ms/step - loss: 0.2356 - accuracy: 0.9995 - val_loss: 13.8722 - val_accuracy: 0.4541\n",
      "Epoch 23/300\n",
      "4006/4006 [==============================] - 11s 3ms/step - loss: 0.2146 - accuracy: 0.9995 - val_loss: 13.7790 - val_accuracy: 0.4611\n",
      "Epoch 24/300\n",
      "4006/4006 [==============================] - 11s 3ms/step - loss: 0.1952 - accuracy: 0.9998 - val_loss: 13.7872 - val_accuracy: 0.4551\n",
      "Epoch 25/300\n",
      "4006/4006 [==============================] - 11s 3ms/step - loss: 0.1775 - accuracy: 1.0000 - val_loss: 13.6541 - val_accuracy: 0.4721\n",
      "Epoch 26/300\n",
      "4006/4006 [==============================] - 11s 3ms/step - loss: 0.1613 - accuracy: 1.0000 - val_loss: 13.7647 - val_accuracy: 0.4760\n",
      "Epoch 27/300\n",
      "4006/4006 [==============================] - 11s 3ms/step - loss: 0.1470 - accuracy: 1.0000 - val_loss: 13.6341 - val_accuracy: 0.4731\n",
      "Epoch 28/300\n",
      "4006/4006 [==============================] - 11s 3ms/step - loss: 0.1340 - accuracy: 1.0000 - val_loss: 13.3192 - val_accuracy: 0.4830\n",
      "Epoch 29/300\n",
      "4006/4006 [==============================] - 12s 3ms/step - loss: 0.1222 - accuracy: 1.0000 - val_loss: 13.4712 - val_accuracy: 0.4830\n",
      "Epoch 30/300\n",
      "4006/4006 [==============================] - 11s 3ms/step - loss: 0.1115 - accuracy: 1.0000 - val_loss: 13.2624 - val_accuracy: 0.4850\n",
      "Epoch 31/300\n",
      "4006/4006 [==============================] - 11s 3ms/step - loss: 0.1021 - accuracy: 1.0000 - val_loss: 13.1493 - val_accuracy: 0.4940\n",
      "Epoch 32/300\n",
      "4006/4006 [==============================] - 11s 3ms/step - loss: 0.0931 - accuracy: 1.0000 - val_loss: 12.8650 - val_accuracy: 0.5020\n",
      "Epoch 33/300\n",
      "4006/4006 [==============================] - 10s 3ms/step - loss: 0.0849 - accuracy: 1.0000 - val_loss: 13.4214 - val_accuracy: 0.4920\n",
      "Epoch 34/300\n",
      "4006/4006 [==============================] - 11s 3ms/step - loss: 0.0782 - accuracy: 1.0000 - val_loss: 12.9142 - val_accuracy: 0.5080\n",
      "Epoch 35/300\n",
      "4006/4006 [==============================] - 11s 3ms/step - loss: 0.0715 - accuracy: 1.0000 - val_loss: 13.1392 - val_accuracy: 0.4960\n",
      "Epoch 36/300\n",
      "4006/4006 [==============================] - 10s 3ms/step - loss: 0.0656 - accuracy: 1.0000 - val_loss: 12.7948 - val_accuracy: 0.5150\n",
      "Epoch 37/300\n",
      "4006/4006 [==============================] - 11s 3ms/step - loss: 0.0602 - accuracy: 1.0000 - val_loss: 13.1052 - val_accuracy: 0.5090\n",
      "Epoch 38/300\n",
      "4006/4006 [==============================] - 11s 3ms/step - loss: 0.0552 - accuracy: 1.0000 - val_loss: 12.7155 - val_accuracy: 0.5250\n",
      "Epoch 39/300\n",
      "4006/4006 [==============================] - 10s 3ms/step - loss: 0.0509 - accuracy: 1.0000 - val_loss: 13.0982 - val_accuracy: 0.5120\n",
      "Epoch 40/300\n",
      "4006/4006 [==============================] - 11s 3ms/step - loss: 0.0468 - accuracy: 1.0000 - val_loss: 12.9188 - val_accuracy: 0.5220\n",
      "Epoch 41/300\n",
      "4006/4006 [==============================] - 11s 3ms/step - loss: 0.0430 - accuracy: 1.0000 - val_loss: 12.9525 - val_accuracy: 0.5269\n",
      "Epoch 42/300\n",
      "4006/4006 [==============================] - 11s 3ms/step - loss: 0.0398 - accuracy: 1.0000 - val_loss: 12.6368 - val_accuracy: 0.5329\n",
      "Epoch 43/300\n",
      "4006/4006 [==============================] - 11s 3ms/step - loss: 0.0366 - accuracy: 1.0000 - val_loss: 12.9900 - val_accuracy: 0.5299\n",
      "Epoch 44/300\n",
      "4006/4006 [==============================] - 11s 3ms/step - loss: 0.0338 - accuracy: 1.0000 - val_loss: 12.7609 - val_accuracy: 0.5269\n",
      "Epoch 45/300\n",
      "4006/4006 [==============================] - 11s 3ms/step - loss: 0.0312 - accuracy: 1.0000 - val_loss: 12.7893 - val_accuracy: 0.5309\n",
      "Epoch 46/300\n",
      "4006/4006 [==============================] - 11s 3ms/step - loss: 0.0289 - accuracy: 1.0000 - val_loss: 12.8837 - val_accuracy: 0.5399\n",
      "Epoch 47/300\n",
      "4006/4006 [==============================] - 12s 3ms/step - loss: 0.0266 - accuracy: 1.0000 - val_loss: 12.6882 - val_accuracy: 0.5379\n",
      "Epoch 48/300\n",
      "4006/4006 [==============================] - 11s 3ms/step - loss: 0.0246 - accuracy: 1.0000 - val_loss: 12.5831 - val_accuracy: 0.5439\n",
      "Epoch 49/300\n",
      "4006/4006 [==============================] - 11s 3ms/step - loss: 0.0227 - accuracy: 1.0000 - val_loss: 12.8668 - val_accuracy: 0.5459\n",
      "Epoch 50/300\n",
      "4006/4006 [==============================] - 12s 3ms/step - loss: 0.0211 - accuracy: 1.0000 - val_loss: 12.6727 - val_accuracy: 0.5419\n",
      "Epoch 51/300\n",
      "4006/4006 [==============================] - 11s 3ms/step - loss: 0.0195 - accuracy: 1.0000 - val_loss: 12.5344 - val_accuracy: 0.5489\n",
      "Epoch 52/300\n",
      "4006/4006 [==============================] - 11s 3ms/step - loss: 0.0181 - accuracy: 1.0000 - val_loss: 12.4478 - val_accuracy: 0.5479\n",
      "Epoch 53/300\n",
      "4006/4006 [==============================] - 11s 3ms/step - loss: 0.0167 - accuracy: 1.0000 - val_loss: 12.5789 - val_accuracy: 0.5579\n",
      "Epoch 54/300\n",
      "4006/4006 [==============================] - 11s 3ms/step - loss: 0.0156 - accuracy: 1.0000 - val_loss: 12.5772 - val_accuracy: 0.5519\n",
      "Epoch 55/300\n",
      "4006/4006 [==============================] - 10s 3ms/step - loss: 0.0144 - accuracy: 1.0000 - val_loss: 12.5745 - val_accuracy: 0.5549\n",
      "Epoch 56/300\n"
     ]
    },
    {
     "name": "stdout",
     "output_type": "stream",
     "text": [
      "4006/4006 [==============================] - 10s 3ms/step - loss: 0.0134 - accuracy: 1.0000 - val_loss: 12.4415 - val_accuracy: 0.5519\n",
      "Epoch 57/300\n",
      "4006/4006 [==============================] - 11s 3ms/step - loss: 0.0124 - accuracy: 1.0000 - val_loss: 12.5840 - val_accuracy: 0.5539\n",
      "Epoch 58/300\n",
      "4006/4006 [==============================] - 11s 3ms/step - loss: 0.0115 - accuracy: 1.0000 - val_loss: 12.5759 - val_accuracy: 0.5539\n",
      "Epoch 59/300\n",
      "4006/4006 [==============================] - 11s 3ms/step - loss: 0.0107 - accuracy: 1.0000 - val_loss: 12.6366 - val_accuracy: 0.5579\n",
      "Epoch 60/300\n",
      "4006/4006 [==============================] - 10s 3ms/step - loss: 0.0099 - accuracy: 1.0000 - val_loss: 12.7087 - val_accuracy: 0.5539\n",
      "Epoch 61/300\n",
      "4006/4006 [==============================] - 10s 3ms/step - loss: 0.0092 - accuracy: 1.0000 - val_loss: 12.6863 - val_accuracy: 0.5629\n",
      "Epoch 62/300\n",
      "4006/4006 [==============================] - 11s 3ms/step - loss: 0.0086 - accuracy: 1.0000 - val_loss: 12.6201 - val_accuracy: 0.5559\n",
      "Epoch 63/300\n",
      "4006/4006 [==============================] - 12s 3ms/step - loss: 0.0080 - accuracy: 1.0000 - val_loss: 12.5047 - val_accuracy: 0.5619\n",
      "Epoch 64/300\n",
      "4006/4006 [==============================] - 11s 3ms/step - loss: 0.0074 - accuracy: 1.0000 - val_loss: 12.7098 - val_accuracy: 0.5589\n",
      "Epoch 65/300\n",
      "4006/4006 [==============================] - 11s 3ms/step - loss: 0.0069 - accuracy: 1.0000 - val_loss: 12.7846 - val_accuracy: 0.5629\n",
      "Epoch 66/300\n",
      "4006/4006 [==============================] - 10s 3ms/step - loss: 0.0064 - accuracy: 1.0000 - val_loss: 12.3967 - val_accuracy: 0.5679\n",
      "Epoch 67/300\n",
      "4006/4006 [==============================] - 11s 3ms/step - loss: 0.0059 - accuracy: 1.0000 - val_loss: 12.4434 - val_accuracy: 0.5709\n",
      "Epoch 68/300\n",
      "4006/4006 [==============================] - 11s 3ms/step - loss: 0.0055 - accuracy: 1.0000 - val_loss: 12.5016 - val_accuracy: 0.5669\n",
      "Epoch 69/300\n",
      "4006/4006 [==============================] - 11s 3ms/step - loss: 0.0052 - accuracy: 1.0000 - val_loss: 12.5897 - val_accuracy: 0.5729\n",
      "Epoch 70/300\n",
      "4006/4006 [==============================] - 11s 3ms/step - loss: 0.0048 - accuracy: 1.0000 - val_loss: 12.6448 - val_accuracy: 0.5709\n",
      "Epoch 71/300\n",
      "4006/4006 [==============================] - 11s 3ms/step - loss: 0.0045 - accuracy: 1.0000 - val_loss: 12.5806 - val_accuracy: 0.5768\n",
      "Epoch 72/300\n",
      "4006/4006 [==============================] - 11s 3ms/step - loss: 0.0042 - accuracy: 1.0000 - val_loss: 12.4727 - val_accuracy: 0.5768\n",
      "Epoch 73/300\n",
      "4006/4006 [==============================] - 11s 3ms/step - loss: 0.0039 - accuracy: 1.0000 - val_loss: 12.6111 - val_accuracy: 0.5739\n",
      "Epoch 74/300\n",
      "4006/4006 [==============================] - 11s 3ms/step - loss: 0.0036 - accuracy: 1.0000 - val_loss: 12.6240 - val_accuracy: 0.5719\n",
      "Epoch 75/300\n",
      "4006/4006 [==============================] - 11s 3ms/step - loss: 0.0034 - accuracy: 1.0000 - val_loss: 12.4924 - val_accuracy: 0.5758\n",
      "Epoch 76/300\n",
      "4006/4006 [==============================] - 11s 3ms/step - loss: 0.0031 - accuracy: 1.0000 - val_loss: 12.5693 - val_accuracy: 0.5768\n",
      "Epoch 77/300\n",
      "4006/4006 [==============================] - 11s 3ms/step - loss: 0.0029 - accuracy: 1.0000 - val_loss: 12.5609 - val_accuracy: 0.5828\n",
      "Epoch 78/300\n",
      "4006/4006 [==============================] - 11s 3ms/step - loss: 0.0027 - accuracy: 1.0000 - val_loss: 12.6963 - val_accuracy: 0.5818\n",
      "Epoch 79/300\n",
      "4006/4006 [==============================] - 11s 3ms/step - loss: 0.0025 - accuracy: 1.0000 - val_loss: 12.7494 - val_accuracy: 0.5778\n",
      "Epoch 80/300\n",
      "4006/4006 [==============================] - 11s 3ms/step - loss: 0.0024 - accuracy: 1.0000 - val_loss: 12.4588 - val_accuracy: 0.5838\n",
      "Epoch 81/300\n",
      "4006/4006 [==============================] - 11s 3ms/step - loss: 0.0022 - accuracy: 1.0000 - val_loss: 12.4907 - val_accuracy: 0.5838\n",
      "Epoch 82/300\n",
      "4006/4006 [==============================] - 10s 3ms/step - loss: 0.0020 - accuracy: 1.0000 - val_loss: 12.5422 - val_accuracy: 0.5828\n",
      "Epoch 83/300\n",
      "4006/4006 [==============================] - 11s 3ms/step - loss: 0.0019 - accuracy: 1.0000 - val_loss: 12.5070 - val_accuracy: 0.5818\n",
      "Epoch 84/300\n",
      "4006/4006 [==============================] - 11s 3ms/step - loss: 0.0018 - accuracy: 1.0000 - val_loss: 12.5854 - val_accuracy: 0.5878\n",
      "Epoch 85/300\n",
      "4006/4006 [==============================] - 11s 3ms/step - loss: 0.0017 - accuracy: 1.0000 - val_loss: 12.6847 - val_accuracy: 0.5798\n",
      "Epoch 86/300\n",
      "4006/4006 [==============================] - 11s 3ms/step - loss: 0.0015 - accuracy: 1.0000 - val_loss: 12.5958 - val_accuracy: 0.5908\n",
      "Epoch 87/300\n",
      "4006/4006 [==============================] - 11s 3ms/step - loss: 0.0014 - accuracy: 1.0000 - val_loss: 12.6636 - val_accuracy: 0.5868\n",
      "Epoch 88/300\n",
      "4006/4006 [==============================] - 11s 3ms/step - loss: 0.0013 - accuracy: 1.0000 - val_loss: 12.7309 - val_accuracy: 0.5878\n",
      "Epoch 89/300\n",
      "4006/4006 [==============================] - 11s 3ms/step - loss: 0.0013 - accuracy: 1.0000 - val_loss: 12.6879 - val_accuracy: 0.5888\n",
      "Epoch 90/300\n",
      "4006/4006 [==============================] - 11s 3ms/step - loss: 0.0012 - accuracy: 1.0000 - val_loss: 12.6086 - val_accuracy: 0.5918\n",
      "Epoch 91/300\n",
      "4006/4006 [==============================] - 11s 3ms/step - loss: 0.0011 - accuracy: 1.0000 - val_loss: 12.7340 - val_accuracy: 0.5878\n",
      "Epoch 92/300\n",
      "4006/4006 [==============================] - 11s 3ms/step - loss: 0.0010 - accuracy: 1.0000 - val_loss: 12.8356 - val_accuracy: 0.5848\n",
      "Epoch 93/300\n",
      "4006/4006 [==============================] - 11s 3ms/step - loss: 9.4487e-04 - accuracy: 1.0000 - val_loss: 12.8016 - val_accuracy: 0.5898\n",
      "Epoch 94/300\n",
      "4006/4006 [==============================] - 11s 3ms/step - loss: 8.8362e-04 - accuracy: 1.0000 - val_loss: 12.8575 - val_accuracy: 0.5808\n",
      "Epoch 95/300\n",
      "4006/4006 [==============================] - 10s 3ms/step - loss: 8.2438e-04 - accuracy: 1.0000 - val_loss: 12.9597 - val_accuracy: 0.5888\n",
      "Epoch 96/300\n",
      "4006/4006 [==============================] - 11s 3ms/step - loss: 7.6841e-04 - accuracy: 1.0000 - val_loss: 13.0112 - val_accuracy: 0.5878\n",
      "Epoch 97/300\n",
      "4006/4006 [==============================] - 11s 3ms/step - loss: 7.1640e-04 - accuracy: 1.0000 - val_loss: 12.6453 - val_accuracy: 0.5968\n",
      "Epoch 98/300\n",
      "4006/4006 [==============================] - 11s 3ms/step - loss: 6.7205e-04 - accuracy: 1.0000 - val_loss: 12.8353 - val_accuracy: 0.5898\n",
      "Epoch 99/300\n",
      "4006/4006 [==============================] - 10s 3ms/step - loss: 6.2656e-04 - accuracy: 1.0000 - val_loss: 12.8241 - val_accuracy: 0.5978\n",
      "Epoch 100/300\n",
      "4006/4006 [==============================] - 11s 3ms/step - loss: 5.8430e-04 - accuracy: 1.0000 - val_loss: 12.7610 - val_accuracy: 0.5958\n",
      "Epoch 101/300\n",
      "4006/4006 [==============================] - 11s 3ms/step - loss: 5.4695e-04 - accuracy: 1.0000 - val_loss: 12.8829 - val_accuracy: 0.5938\n",
      "Epoch 102/300\n",
      "4006/4006 [==============================] - 11s 3ms/step - loss: 5.0913e-04 - accuracy: 1.0000 - val_loss: 13.0069 - val_accuracy: 0.5928\n",
      "Epoch 103/300\n",
      "4006/4006 [==============================] - 10s 3ms/step - loss: 4.7438e-04 - accuracy: 1.0000 - val_loss: 13.0189 - val_accuracy: 0.5958\n",
      "Epoch 104/300\n",
      "4006/4006 [==============================] - 11s 3ms/step - loss: 4.4266e-04 - accuracy: 1.0000 - val_loss: 13.0355 - val_accuracy: 0.5908\n",
      "Epoch 105/300\n",
      "4006/4006 [==============================] - 11s 3ms/step - loss: 4.1291e-04 - accuracy: 1.0000 - val_loss: 12.8777 - val_accuracy: 0.5978\n",
      "Epoch 106/300\n",
      "4006/4006 [==============================] - 11s 3ms/step - loss: 3.8643e-04 - accuracy: 1.0000 - val_loss: 13.2046 - val_accuracy: 0.5858\n",
      "Epoch 107/300\n",
      "4006/4006 [==============================] - 11s 3ms/step - loss: 3.6043e-04 - accuracy: 1.0000 - val_loss: 13.0955 - val_accuracy: 0.5958\n",
      "Epoch 108/300\n",
      "4006/4006 [==============================] - 10s 3ms/step - loss: 3.3616e-04 - accuracy: 1.0000 - val_loss: 12.9763 - val_accuracy: 0.5898\n",
      "Epoch 109/300\n",
      "4006/4006 [==============================] - 11s 3ms/step - loss: 3.1454e-04 - accuracy: 1.0000 - val_loss: 13.1247 - val_accuracy: 0.5888\n",
      "Epoch 110/300\n",
